                   0                   0
   0.100000000000000   0.000504858091807
   0.200000000000000   0.001970743796852
   0.300000000000000   0.004104042698946
   0.400000000000000   0.006401040542805
   0.500000000000000   0.008290128392780
   0.600000000000000   0.009276823683557
   0.700000000000000   0.009070302267335
   0.800000000000000   0.007652241843863
   0.900000000000000   0.005277043700627
   1.000000000000000   0.002406503335921
   1.100000000000000  -0.000406848557031
   1.200000000000000  -0.002647994836722
   1.300000000000000  -0.003958856663384
   1.400000000000000  -0.004215130621366
   1.500000000000000  -0.003543620803309
   1.600000000000000  -0.002279931628326
   1.700000000000000  -0.000875150285078
   1.800000000000000   0.000216330172860
   1.900000000000000   0.000647939448281
   2.000000000000000   0.000261433868536
   2.100000000000000  -0.000882136976616
   2.200000000000000  -0.002525322424276
   2.300000000000000  -0.004284860860871
   2.400000000000000  -0.005749593688662
   2.500000000000000  -0.006579294056732
   2.600000000000000  -0.006586081962765
   2.700000000000000  -0.005774659253398
   2.800000000000000  -0.004334979092789
   2.900000000000000  -0.002591859105376
   3.000000000000000  -0.000918314980875
   3.100000000000000   0.000348052105902
   3.200000000000000   0.000986366810675
   3.300000000000000   0.000939482564379
   3.400000000000000   0.000319564747904
   3.500000000000000  -0.000626294761095
   3.600000000000000  -0.001584777001790
   3.700000000000000  -0.002252512104457
   3.800000000000000  -0.002410628706610
   3.900000000000000  -0.001975535911029
   4.000000000000000  -0.001014481225054
   4.100000000000000   0.000275564253381
   4.200000000000000   0.001620413048406
   4.300000000000000   0.002738273498622
   4.400000000000000   0.003404275514899
   4.500000000000000   0.003504658869510
   4.600000000000000   0.003059264383392
   4.700000000000000   0.002211707108127
   4.800000000000000   0.001190386193767
   4.900000000000000   0.000248614448059
   5.000000000000000  -0.000393677923781
   5.100000000000000  -0.000602827561955
   5.200000000000000  -0.000359515719641
   5.300000000000000   0.000241688407238
   5.400000000000000   0.001019719091570
   5.500000000000000   0.001756650074555
   5.600000000000000   0.002249613540559
   5.700000000000000   0.002360562839735
   5.800000000000000   0.002047822236883
   5.900000000000000   0.001372855275674
   6.000000000000000   0.000482561991940
   6.100000000000000  -0.000431043428700
   6.200000000000000  -0.001175992018198
   6.300000000000000  -0.001606583957085
   6.400000000000000  -0.001656628190103
   6.500000000000000  -0.001351956389219
   6.600000000000000  -0.000800474882244
   6.700000000000000  -0.000162484199388
   6.800000000000000   0.000390786277165
   6.900000000000000   0.000717104158856
   7.000000000000000   0.000737265023188
   7.100000000000000   0.000451747566855
   7.200000000000000  -0.000062637452124
   7.300000000000000  -0.000674286566544
   7.400000000000000  -0.001231891281620
   7.500000000000000  -0.001600162118131
   7.600000000000000  -0.001692457374686
   7.700000000000000  -0.001490268037823
   7.800000000000000  -0.001045180710599
   7.900000000000000  -0.000464463547020
   8.000000000000000   0.000118625893989
   8.100000000000000   0.000575396853664
   8.199999999999999   0.000812888385120
   8.300000000000001   0.000794881695976
   8.400000000000000   0.000548105688548
   8.500000000000000   0.000153385427051
   8.600000000000000  -0.000277143561153
   8.699999999999999  -0.000627558112997
   8.800000000000001  -0.000806289797355
   8.900000000000000  -0.000767383157656
   9.000000000000000  -0.000520154847724
   9.100000000000000  -0.000124833804508
   9.199999999999999   0.000323693981408
   9.300000000000001   0.000721572027151
   9.400000000000000   0.000978983216390
   9.500000000000000   0.001042335499376
   9.600000000000000   0.000905808066149
   9.699999999999999   0.000610937868237
   9.800000000000001   0.000235023303520
   9.900000000000000  -0.000130209093812
  10.000000000000000  -0.000399182051479
  10.100000000000000  -0.000513679650650
  10.199999999999999  -0.000455520445281
  10.300000000000001  -0.000249383822702
  10.400000000000000   0.000044549231405
  10.500000000000000   0.000347536825101
  10.600000000000000   0.000582199726575
  10.699999999999999   0.000689288976736
  10.800000000000001   0.000642908997331
  10.900000000000000   0.000455291222177
  11.000000000000000   0.000172230534096
  11.100000000000000  -0.000138419997653
  11.199999999999999  -0.000405962059163
  11.300000000000001  -0.000571681610959
  11.400000000000000  -0.000603019684183
  11.500000000000000  -0.000500822498789
  11.600000000000000  -0.000297626009579
  11.699999999999999  -0.000049135646630
  11.800000000000001   0.000182279089956
  11.900000000000000   0.000340168102565
  12.000000000000000   0.000388423417239
  12.100000000000000   0.000319269804918
  12.199999999999999   0.000154044904912
  12.300000000000001  -0.000062987277514
  12.400000000000000  -0.000277084908331
  12.500000000000000  -0.000436235014455
  12.600000000000000  -0.000502618147797
  12.699999999999999  -0.000462268599442
  12.800000000000001  -0.000327312647197
  12.900000000000000  -0.000132023179824
  13.000000000000000   0.000075143469175
  13.100000000000000   0.000247358825639
  13.199999999999999   0.000346286885406
  13.300000000000001   0.000352777116927
  13.400000000000000   0.000270733689620
  13.500000000000000   0.000125365306118
  13.600000000000000  -0.000043964477756
  13.699999999999999  -0.000194288135187
  13.800000000000001  -0.000288778965139
  13.900000000000000  -0.000305448254898
  14.000000000000000  -0.000242178469121
  14.100000000000000  -0.000116304440033
  14.199999999999999   0.000039573874317
  14.300000000000001   0.000187522736774
  14.400000000000000   0.000293339009549
  14.500000000000000   0.000332951760850
  14.600000000000000   0.000299342586854
  14.699999999999999   0.000203352112935
  14.800000000000001   0.000070267108785
  14.900000000000000  -0.000066286786361
  15.000000000000000  -0.000174829185031
  15.100000000000000  -0.000230515529534
  15.199999999999999  -0.000222601678732
  15.300000000000001  -0.000156194569765
  15.400000000000000  -0.000050280100473
  15.500000000000000   0.000066686252599
  15.600000000000000   0.000166178007883
  15.699999999999999   0.000223930486751
  15.800000000000001   0.000226824121237
  15.900000000000000   0.000175512736641
  16.000000000000000   0.000083740149764
  16.100000000000001  -0.000025046530281
  16.199999999999999  -0.000124918099778
  16.300000000000001  -0.000192944719669
  16.399999999999999  -0.000214202718485
  16.500000000000000  -0.000185744171368
  16.600000000000001  -0.000116619652873
  16.699999999999999  -0.000025635739801
  16.800000000000001   0.000064825930399
  16.899999999999999   0.000132602018178
  17.000000000000000   0.000162550799347
  17.100000000000001   0.000148807214625
  17.199999999999999   0.000096468843322
  17.300000000000001   0.000020002486052
  17.399999999999999  -0.000061055903489
  17.500000000000000  -0.000127050905003
  17.600000000000001  -0.000162309967278
  17.699999999999999  -0.000159238853164
  17.800000000000001  -0.000119682963487
  17.899999999999999  -0.000054439354222
  18.000000000000000   0.000019842921420
  18.100000000000001   0.000085583351292
  18.199999999999999   0.000127703056433
  18.300000000000001   0.000137115573454
  18.399999999999999   0.000112983137892
  18.500000000000000   0.000062756410852
  18.600000000000001  -0.000000075026028
  18.699999999999999  -0.000060000908881
  18.800000000000001  -0.000102534037105
  18.899999999999999  -0.000117902141458
  19.000000000000000  -0.000103318013224
  19.100000000000001  -0.000063457366155
  19.199999999999999  -0.000008807907951
  19.300000000000001   0.000046830585729
  19.399999999999999   0.000090118897818
  19.500000000000000   0.000111233899824
  19.600000000000001   0.000105822424476
  19.699999999999999   0.000076053424660
  19.800000000000001   0.000030113047225
  19.899999999999999  -0.000020308328013
  20.000000000000000  -0.000063108794974
  20.100000000000001  -0.000088427858128
  20.199999999999999  -0.000091007110270
  20.300000000000001  -0.000071037124386
  20.399999999999999  -0.000034442405846
  20.500000000000000   0.000009242218176
  20.600000000000001   0.000048728761393
  20.699999999999999   0.000075030974732
  20.800000000000001   0.000082229287606
  20.899999999999999   0.000069082076196
  21.000000000000000   0.000039426824481
  21.100000000000001   0.000001003401226
  21.199999999999999  -0.000036710042360
  21.300000000000001  -0.000064772477634
  21.399999999999999  -0.000076850527841
  21.500000000000000  -0.000070723631113
  21.600000000000001  -0.000048497119850
  21.699999999999999  -0.000016201231262
  21.800000000000001   0.000017476048810
  21.899999999999999   0.000045104093171
  22.000000000000000   0.000059891148722
  22.100000000000001   0.000058920495281
  22.199999999999999   0.000042988903832
  22.300000000000001   0.000016493346486
  22.399999999999999  -0.000013685256976
  22.500000000000000  -0.000039965075583
  22.600000000000001  -0.000056271835289
  22.699999999999999  -0.000059146398206
  22.800000000000001  -0.000048190488757
  22.899999999999999  -0.000026482708593
  23.000000000000000   0.000000185655857
  23.100000000000001   0.000025556752813
  23.199999999999999   0.000043492412978
  23.300000000000001   0.000049996588056
  23.399999999999999   0.000044100448345
  23.500000000000000   0.000027730382539
  23.600000000000001   0.000005326209624
  23.699999999999999  -0.000017158254368
  23.800000000000001  -0.000034658494410
  23.899999999999999  -0.000042836781288
  24.000000000000000  -0.000040270357322
  24.100000000000001  -0.000027729915068
  24.199999999999999  -0.000008542795878
  24.300000000000001   0.000012397942697
  24.399999999999999   0.000029757765773
  24.500000000000000   0.000039932793451
  24.600000000000001   0.000040612215255
  24.699999999999999   0.000031927565133
  24.800000000000001   0.000016374688517
  24.899999999999999  -0.000001748793340
  25.000000000000000  -0.000018524324501
  25.100000000000001  -0.000029654351299
  25.199999999999999  -0.000032761940459
  25.300000000000001  -0.000027523941682
  25.399999999999999  -0.000015413503018
  25.500000000000000   0.000000363408025
  25.600000000000001   0.000015203298782
  25.699999999999999   0.000026465835023
  25.800000000000001   0.000030995102022
  25.899999999999999   0.000028085284842
  26.000000000000000   0.000018612917514
  26.100000000000001   0.000004944337141
  26.199999999999999  -0.000009223099301
  26.300000000000001  -0.000020539904646
  26.399999999999999  -0.000026664608284
  26.500000000000000  -0.000026154835890
  26.600000000000001  -0.000019508859115
  26.699999999999999  -0.000008352533173
  26.800000000000001   0.000004094329005
  26.899999999999999   0.000014936744146
  27.000000000000000   0.000021689572015
  27.100000000000001   0.000022837488500
  27.199999999999999   0.000018260102029
  27.300000000000001   0.000009265774784
  27.399999999999999  -0.000001498313814
  27.500000000000000  -0.000011934631534
  27.600000000000001  -0.000018925082269
  27.699999999999999  -0.000021395477838
  27.800000000000001  -0.000018627935084
  27.899999999999999  -0.000011737355496
  28.000000000000000  -0.000002107329946
  28.100000000000001   0.000007225001633
  28.199999999999999   0.000014679239227
  28.300000000000001   0.000018127231572
  28.399999999999999   0.000017180322191
  28.500000000000000   0.000011958352595
  28.600000000000001   0.000004306005179
  28.699999999999999  -0.000004319701162
  28.800000000000001  -0.000011113516885
  28.899999999999999  -0.000015201975325
  29.000000000000000  -0.000015254152006
  29.100000000000001  -0.000011647833175
  29.199999999999999  -0.000005041941748
  29.300000000000001   0.000002329461390
  29.399999999999999   0.000009302281271
  29.500000000000000   0.000013628583504
  29.600000000000001   0.000014760435864
  29.699999999999999   0.000012475491813
  29.800000000000001   0.000007241894985
  29.899999999999999   0.000000687049620
  30.000000000000000  -0.000005876245278